function [A,B]=Get_HF_Delft
%Get the Hyperfine parameters of the 27 nuclear spin register characterized
%by the Delft group.
A=[-20.72,...
   -23.22,...
   -31.25,...
   -14.07,...
   -11.346,...
   -48.58,...
   -8.32,...
   -9.79,...
   213.154,...
    17.643,...
    14.548,...
    20.569,...
    8.029,...
    -19.815,...
    -13.961,...
    -4.66,...
    -5.62,...
    -36.308,...
    24.399,...
    2.690,...
    1.212,...
    7.683,...
    -3.177,...
    -4.225,...
    -3.873,...
    -3.618,...
    -4.039];


B=[12,...
    13,...
    8,...
    13,...
    59.21,...
    9,...
    3,...
    5,...
    3,...
    8.6,...
    10,...
    41.51,...
    21,...
    5.3,...
    9,...
    7,...
    5,...
    26.62,...
    24.81,...
    11,...
    13,...
    4,...
    2,...
    0,...
    0,...
    0,...
    0];




end
